$ 1 0.000005 1.8479586061009856 46 5 43
a 1008 352 1088 352 1 9 0 1000000
r 1040 416 1088 416 0 8000
r 960 416 1008 416 0 1000
w 1088 352 1088 416 0
w 1008 368 1008 416 0
w 1008 416 1040 416 0
R 960 416 960 448 0 0 40 4.5 0 0 0.5
R 1008 336 976 336 0 1 1000 1 0 0 0.5
a 880 272 960 272 0 9 0 1000000
R 880 288 880 336 0 0 40 4.5 0 0 0.5
r 832 256 880 256 0 10000
r 896 208 944 208 0 300000
w 944 208 960 208 0
w 960 208 960 272 0
w 896 208 880 208 0
w 880 208 880 256 0
w 960 272 992 272 0
v 800 256 800 320 0 1 40 1 0 0 0.5
g 800 320 800 336 0
c 1008 272 992 272 0 0.000001 0.0010000000070178316
w 1008 272 1072 272 0
w 800 256 832 256 0
a 208 192 304 192 0 15 -15 1000000
w 304 192 304 144 0
w 304 144 208 144 0
w 208 144 208 176 0
r 304 224 304 272 0 100000
g 304 272 304 288 0
w 304 192 304 224 0
c 416 240 416 272 0 0.000009999999999999999 0.37683848212068444
g 416 272 416 288 0
w 416 192 416 240 0
w 368 192 304 192 0
170 208 208 208 240 2 20 2300 1 0.2
r 480 208 480 256 0 10000
w 416 192 480 192 0
w 480 192 480 208 0
g 480 256 480 288 0
d 368 192 416 192 1 0.805904783
o 28 64 0 551 5 0.00009765625 0 -1
o 35 64 0 551 0.625 0.00009765625 1 -1

