$ 1 0.000005 25.51028167070221 46 5 43
a 208 192 304 192 0 15 -15 1000000
w 304 192 304 144 0
w 304 144 208 144 0
w 208 144 208 176 0
r 304 224 304 272 0 100000
g 304 272 304 288 0
w 304 192 304 224 0
c 416 240 416 272 0 0.000009999999999999999 0.3784594097188802
g 416 272 416 288 0
w 416 192 416 240 0
w 368 192 304 192 0
170 208 208 208 240 2 20 2300 1 0.2
r 480 208 480 256 0 10000
w 416 192 480 192 0
w 480 192 480 208 0
g 480 256 480 288 0
d 368 192 416 192 1 0.805904783
a 592 240 672 240 0 15 -15 1000000
r 544 256 592 256 0 100000
w 592 256 592 288 0
c 592 288 592 320 0 0.00001 0.7984754836489193
g 592 320 592 336 0
w 672 240 672 160 0
w 592 224 592 192 0
j 512 192 544 192 0 -4
w 544 176 544 160 0
w 544 256 544 208 0
w 544 160 592 160 0
w 592 192 592 160 0
w 592 160 672 160 0
w 480 192 512 192 0
o 11 64 0 551 5 0.00009765625 0 -1
o 30 64 0 551 0.5846006549323611 9.765625e-55 1 -1

