$ 1 0.000005 25.51028167070221 46 5 43
a 320 240 416 240 0 15 -15 1000000
w 416 240 416 192 0
w 416 192 320 192 0
w 320 192 320 224 0
r 416 272 416 320 0 100000
g 416 320 416 336 0
w 416 240 416 272 0
c 672 304 672 336 0 0.000009999999999999999 0.37869377164878243
g 672 336 672 352 0
w 672 256 672 304 0
170 320 256 320 288 2 20 2300 1 0.2
r 736 272 736 320 0 10000
w 672 256 736 256 0
w 736 256 736 272 0
g 736 320 736 352 0
d 624 256 672 256 1 0.805904783
a 848 304 928 304 0 15 -15 1000000
r 800 320 848 320 0 100000
w 848 320 848 352 0
c 848 352 848 384 0 0.00001 0.7984733227280821
g 848 384 848 400 0
w 928 304 928 224 0
w 848 288 848 256 0
j 768 256 800 256 0 -4
w 800 240 800 224 0
w 800 320 800 272 0
w 800 224 848 224 0
w 848 256 848 224 0
w 848 224 928 224 0
w 736 256 768 256 0
a 544 256 624 256 1 15 -15 1000000
w 624 256 624 320 0
r 624 320 544 320 0 6000
w 544 272 544 320 0
r 544 272 480 272 0 1000
g 480 272 480 304 0
w 416 240 544 240 0
o 10 64 0 551 5 0.00009765625 0 -1
o 29 64 0 551 0.5846006549323611 9.765625e-55 1 -1

